264.42886,-27.81932
268.34908,-29.82931
274.70200,-32.79870
267.60123,-29.42186
263.89753,-27.40138
272.12800,-31.60990
250.97409,-18.95330
267.54154,-29.31816
262.34732,-26.43455
268.83557,-29.96004
268.44009,-29.72954
271.18369,-31.04671
264.91371,-27.78942
271.26123,-30.97150
255.38988,-21.82577
260.09152,-24.86451
269.43069,-30.04164
268.60571,-29.60244
269.58057,-30.01092
265.60461,-27.92665
264.88007,-27.46299
269.81494,-30.04643
268.35434,-29.28576
268.49000,-29.33770
269.10132,-29.63511
267.79794,-28.94060
268.15021,-29.11100
269.53986,-29.73891
270.58017,-30.24038
262.35812,-25.81851
263.72797,-26.59914
267.69483,-28.74311
274.40497,-31.94635
265.63500,-27.55440
267.59651,-28.55288
268.45715,-28.98646
274.65601,-31.91262
265.84733,-27.56811
271.77560,-30.57138
267.85300,-28.59460
269.01151,-29.18784
265.11417,-27.01722
273.55908,-31.18586
268.71692,-28.81537
265.05341,-26.73927
268.39700,-28.48080
270.15665,-29.36395
268.44667,-28.45500
268.27747,-28.30310
262.15674,-24.85183
270.61000,-29.41820
268.03638,-28.03808
263.84217,-25.71307
274.05112,-30.86882
265.82062,-26.73821
268.64526,-28.21196
267.19245,-27.42690
273.31600,-30.43360
262.00732,-24.42306
271.81063,-29.69012
266.15500,-26.79040
271.97449,-29.74285
269.00996,-28.23671
271.27300,-29.33760
265.35200,-26.06480
273.77722,-30.25914
271.78015,-29.21843
269.83051,-28.23001
264.46292,-25.34572
265.98836,-26.19820
270.42755,-28.42886
267.18800,-26.72350
274.08057,-30.12666
270.24900,-28.27190
277.29854,-31.49978
265.62500,-25.75752
275.64400,-30.72490
271.12000,-28.62730
262.33517,-23.75951
271.02264,-28.46414
271.52389,-28.67500
269.63007,-27.61816
262.67166,-23.75011
260.32373,-22.30981
271.35751,-28.36783
263.99362,-24.42476
329.89667,-39.38556
272.77094,-28.98315
266.41571,-25.66668
266.36800,-25.63680
270.29200,-27.64061
272.02404,-28.43633
261.97375,-22.95524
270.71442,-27.68354
264.33400,-24.05820
265.47000,-24.70233
265.03094,-24.42849
272.62836,-28.32303
274.42258,-29.13877
275.78705,-29.72366
272.89621,-28.37695
272.96863,-28.17841
270.82669,-27.10628
265.48856,-24.18768
270.79935,-26.97506
263.88000,-23.19656
261.18951,-21.55979
273.14331,-27.96962
263.61172,-22.88881
272.87192,-27.77102
273.09903,-27.87052
270.91379,-26.72603
271.70838,-27.10542
267.11850,-24.68998
283.90770,-32.26348
279.85739,-30.67686
274.42624,-28.28772
271.67026,-26.91554
272.55103,-27.27639
273.10480,-27.48693
272.00546,-26.90042
271.48920,-26.49486
263.40652,-21.77355
281.06082,-30.32688
274.04752,-27.24929
267.25201,-23.71516
293.02792,-34.21595
264.62628,-22.14413
274.07229,-27.07628
265.07471,-22.32157
273.09572,-26.54844
266.40300,-23.04040
272.30765,-26.04133
278.12846,-28.72222
267.46368,-23.46230
288.59723,-32.57132
264.09430,-21.52006
271.35573,-25.22656
273.41901,-26.14409
271.97464,-25.40075
267.03195,-22.77987
274.22500,-26.38920
274.85483,-26.58887
273.18600,-25.73880
275.72577,-26.82139
264.98100,-21.23650
273.31677,-25.50138
267.15579,-22.28022
316.47314,-37.14452
273.58100,-25.34710
268.98300,-22.98361
266.89136,-21.78975
265.86978,-21.16425
274.55566,-25.63581
268.17267,-22.36579
275.75100,-26.08770
273.14157,-24.83341
266.95443,-21.53947
272.37733,-24.20833
278.73022,-27.10503
273.61976,-24.72721
268.09425,-21.85381
290.54428,-31.51074
268.40461,-21.97865
276.99835,-26.11341
264.54828,-19.62712
276.23900,-25.69860
268.77929,-21.74450
263.79266,-18.57234
264.34167,-18.77830
275.92700,-24.79120
274.31644,-23.98181
275.03687,-24.25141
267.31363,-20.00957
275.50479,-24.17783
275.63368,-24.15767
272.10831,-22.28146
278.14435,-25.12889
274.59961,-23.41587
277.97018,-24.77126
273.71204,-22.73206
266.54025,-18.65842
271.03500,-20.95150
269.00244,-19.49072
267.73840,-18.78004
281.17969,-25.35940
276.42688,-23.20294
282.05054,-25.48122
258.51801,-12.91047
262.25815,-15.21811
276.27072,-22.58129
271.30441,-19.84302
268.02000,-17.60160
269.27700,-18.11150
265.50836,-15.93541
278.47763,-22.64470
278.71524,-22.72138
274.06882,-20.45074
266.72687,-16.29022
267.08249,-16.47895
277.29648,-21.78151
262.14246,-13.43912
281.64630,-23.44675
256.73000,-9.78366
279.67938,-22.40388
273.43817,-19.07614
272.95370,-18.77269
269.08325,-16.48443
268.58792,-15.93105
282.60846,-22.57293
275.78326,-19.28479
277.49768,-19.67713
269.74496,-15.53744
245.26842,-0.26959
277.37497,-19.09572
281.39704,-20.58322
276.51533,-18.20958
279.13475,-19.32422
281.00735,-19.91459
279.29620,-19.03932
279.91690,-19.23668
278.33704,-18.27691
278.33704,-18.27691
277.29694,-17.45358
268.60971,-12.80944
278.95140,-17.60230
277.54500,-16.75570
271.87790,-13.47989
262.87112,-8.31949
279.03482,-16.99917
279.44272,-17.09626
276.98474,-15.54845
277.33261,-15.12777
265.56012,-8.72184
296.64254,-23.13697
276.80579,-14.14294
285.25579,-18.20431
278.49393,-14.87362
280.31200,-15.56150
258.21625,-3.26670
278.26559,-13.73888
273.03995,-10.71619
272.61005,-10.48466
280.60321,-14.25328
278.55775,-13.20685
281.47969,-14.46053
295.12304,-20.45200
289.26713,-18.02661
273.82071,-10.16930
280.90878,-13.74684
299.38125,-21.61286
271.74911,-8.92578
276.03287,-11.11169
276.49200,-10.75791
282.68463,-13.51727
278.37083,-11.12400
282.87891,-13.17689
281.02570,-12.21540
278.31155,-10.25540
278.17203,-10.09723
275.33798,-8.52842
281.76648,-11.68659
280.73743,-11.11475
277.14685,-8.72301
273.80579,-6.95339
274.45575,-6.80599
285.34070,-11.97222
280.28046,-8.93305
277.62662,-7.46064
280.83408,-9.08018
275.34937,-6.03216
273.57651,-4.98925
283.57400,-10.08690
281.95334,-9.15193
281.64426,-8.46718
289.82400,-12.24333
242.93561,12.07141
283.58334,-8.79255
283.65423,-8.82732
295.99043,-14.15324
281.60250,-7.24286
280.53351,-6.68203
289.58133,-11.10429
281.36475,-6.94929
281.88437,-6.90098
282.43600,-7.02640
281.40231,-6.30954
282.19357,-5.93530
283.36792,-6.47875
283.50790,-6.43884
289.11758,-9.04349
265.42101,3.11525
276.66687,-2.71601
279.84097,-4.33081
271.50320,0.37738
284.32230,-5.99772
276.25241,-1.51462
279.40378,-3.09888
278.55671,-2.46028
284.45709,-5.46115
280.69547,-3.22147
281.22244,-3.34247
286.48151,-5.99248
288.48206,-6.31450
278.84402,-0.23047
278.32288,0.19644
291.75790,-6.58462
276.78874,1.24073
282.60270,-1.67166
280.76438,-0.27708
282.66794,-1.05310
284.06534,-1.56675
276.18552,2.49114
285.54230,-1.81259
277.75095,2.42426
284.60938,-1.06269
285.40240,-1.31885
283.52847,-0.33413
275.84052,3.60772
287.60736,-2.33985
288.65155,-2.70696
284.71559,-0.54930
285.06723,-0.24239
285.65454,-0.44916
281.35242,2.02329
292.78000,-3.70875
277.94098,4.08587
294.07306,-3.89035
289.60396,-1.59644
273.02636,6.85359
288.66324,0.22675
285.49983,2.15447
268.38446,10.62326
337.41058,-20.83711
287.00894,2.35674
285.74729,3.03925
289.58533,1.78323
316.04532,-11.36340
290.73737,1.51290
288.27554,2.87997
307.88833,-7.08836
274.39213,10.15097
288.34427,3.41675
283.72559,5.80314
283.73877,6.04196
288.47458,3.62824
287.72254,4.45789
288.39398,4.63457
284.07567,7.12394
286.69128,6.39791
289.11539,5.22207
287.30683,7.09556
289.61703,6.53869
282.13675,10.59743
300.16338,1.72803
293.63972,5.68401
290.25299,7.61455
251.12300,23.79988
284.14017,10.86946
285.57400,10.29250
276.95114,14.48502
299.61300,3.04977
283.25679,12.26664
282.69516,12.62506
286.63394,10.72331
293.16483,7.46432
278.51104,14.82206
291.09259,9.89896
265.65216,21.44982
292.89642,9.22533
290.61111,10.68927
291.93674,10.40578
292.81867,10.05597
290.70976,11.46539
285.79205,14.11636
286.59550,13.74614
246.89056,27.90929
285.66803,14.48066
293.32454,10.61658
292.05997,12.32671
288.87730,14.06384
286.21420,15.79352
288.02417,15.15124
288.41010,14.98867
194.86575,27.63628
288.27275,15.77760
286.13475,17.95214
292.56946,14.78940
295.51450,13.84372
288.51721,17.52569
282.44818,20.84429
291.41876,16.55138
285.90567,19.35628
295.28885,14.94983
295.57813,15.15229
295.57813,15.15229
294.79089,15.94670
294.81616,16.34681
289.76104,19.03917
290.72888,18.70224
293.82648,17.21686
268.59579,27.99944
289.66679,19.57583
295.54283,17.08733
303.78683,12.70434
295.39156,17.75485
291.66727,20.48751
295.10768,18.82007
290.85342,21.13347
290.94529,21.11061
287.16492,22.98288
277.82621,26.93692
294.11218,19.70666
291.65732,21.15751
291.93347,21.50106
294.89916,20.31719
300.65143,17.61416
302.61118,16.92258
296.34235,21.33445
305.03646,16.73156
289.27390,25.62595
286.53000,27.21625
294.09094,23.66331
297.11000,22.14369
291.01138,25.31321
296.39250,22.97572
293.44479,24.54086
312.50858,13.55823
293.97680,24.91389
300.04417,21.71556
303.17838,19.98963
302.98358,20.33456
294.71722,25.09240
296.56512,24.18435
294.53482,25.26131
299.90158,22.72111
288.62488,28.67930
305.59558,20.10467
250.07565,38.70553
287.77729,30.54547
297.61893,25.90839
283.39615,33.02917
241.11061,40.68307
293.68848,30.51637
300.84354,27.01524
282.50870,35.24336
302.26950,26.44889
304.33926,25.36299
295.94998,30.23539
298.75967,29.28831
324.22073,12.78870
304.90887,27.00312
297.75281,31.04132
300.79770,30.54279
303.49124,29.56554
299.82600,31.91070
299.14178,32.37027
297.96967,32.98831
285.11055,38.35222
301.18369,31.45678
297.50083,33.76422
300.17514,32.46137
298.50260,33.37014
304.09985,30.56477
305.49301,29.98949
301.73417,32.27586
298.57160,35.11762
305.26570,32.49004
303.19867,34.34237
319.21780,24.14772
306.27026,33.58075
302.71860,37.41186
301.06708,39.59247
258.45981,49.26979
289.87701,44.76200
304.99275,38.40078
303.10003,40.75820
289.79260,46.24779
310.56800,37.67480
284.83270,48.46542
302.17924,42.50261
307.32889,40.25572
302.25803,43.72876
301.73077,44.23851
323.87189,31.69615
318.40701,37.26040
302.59863,46.46098
297.44406,48.96114
296.20068,50.52509
305.56818,47.06554
320.56409,38.12088
311.29175,44.65405
316.75733,42.23603
308.09787,47.34767
230.44400,52.36781
307.96817,48.88047
312.55701,46.92090
323.28479,39.63599
311.34464,50.37775
318.56345,46.28820
316.57738,47.85186
319.78067,46.31312
318.53146,47.77256
323.12900,44.59655
324.70419,46.00772
317.71778,50.78744
313.30656,53.76171
322.71468,50.00235
324.25542,48.93444
315.13688,54.54317
275.46713,64.36483
323.93283,50.90471
325.82343,50.42072
322.95917,52.56434
314.11264,57.43418
322.50296,54.45763
269.63919,66.63300
329.42422,51.69417
324.79990,55.76776
321.86032,57.65179
337.63929,47.52314
337.93204,47.80110
335.98218,50.96679
321.59808,62.89217
338.68997,52.43506
336.57190,54.82724
334.01620,57.47604
335.12811,57.60601
335.06934,58.23794
335.06934,58.23794
326.53577,63.79152
337.52841,56.19828
353.97221,30.46844
338.07382,56.17392
351.47485,42.53473
301.05950,74.42667
343.77911,56.70865
350.74146,46.89951
333.34383,65.89872
344.08252,57.15574
340.08279,61.28575
9.31678,-13.71624
344.71500,61.96220
354.79517,48.20808
342.25906,67.02747
348.06454,64.65492
356.93457,51.39897
356.69461,54.74380
356.44922,57.06645
352.96400,70.37060
340.60361,80.44202
4.67570,53.87223
0.37906,70.70831
11.76395,-11.87196
4.99478,62.98380
7.06506,55.96520
3.25426,72.52197
7.95230,57.38288
9.72521,66.39703
11.39449,57.95969
188.27847,82.56397
15.60203,65.77578
21.24428,65.64337
22.58333,58.44139
25.65783,60.16311
29.64770,66.56680
29.10392,65.47510
25.02433,56.58183
29.39900,63.32170
24.33096,50.46986
30.92204,64.96087
25.58312,51.57532
28.26217,56.40550
33.02748,64.15026
36.62506,65.79813
40.05988,61.15464
44.67447,64.50175
45.94596,64.90983
47.74525,62.79858
47.58030,61.31692
43.06280,50.59835
54.03369,60.06286
41.34861,42.55137
61.74750,60.92061
179.43681,48.93844
66.46180,60.12020
55.43095,52.28341
63.31269,56.94947
168.69890,55.01903
65.18860,56.30350
51.81432,45.40569
63.36356,51.85026
100.98109,61.79019
63.97729,48.82795
70.83862,46.70161
94.89146,55.61217
56.88750,35.04686
69.33892,42.78624
59.09160,33.87516
73.62910,42.27803
119.46512,53.42138
62.32079,30.77597
69.94960,36.76190
89.09962,46.10481
76.66008,39.13572
69.15518,33.65830
98.53067,44.77725
85.34228,39.25225
58.40180,19.49415
85.64229,36.15206
76.78458,30.82178
69.34758,25.04414
82.89940,28.97821
88.20192,28.09978
94.04903,28.37044
86.70833,24.36748
89.68896,25.31218
89.68896,25.31218
93.47910,26.88250
111.39450,29.49067
99.33725,24.00989
76.39297,10.70631
100.04038,21.41714
89.28325,15.42528
85.18764,12.35646
96.48865,17.79089
85.52579,9.08625
100.85893,16.81421
82.94038,6.93389
92.78615,11.77871
112.29487,20.91179
90.58352,9.65391
99.98283,11.10853
93.64048,7.57496
91.19957,3.94327
95.97867,5.50358
112.26128,13.24688
75.92438,-6.16749
63.56567,-12.73945
131.72298,17.87930
94.06408,-0.00694
105.11825,4.34181
103.39082,3.14082
98.93808,-0.09371
98.93808,-0.09371
118.79708,9.55256
106.33002,2.78310
110.74059,1.75912
81.86752,-12.69729
75.78133,-15.60634
114.03307,2.70771
107.34395,-0.80638
104.06017,-2.88558
100.39413,-5.04322
117.90658,3.00561
106.71196,-3.08583
133.55482,8.89806
53.31102,-25.87165
95.42823,-12.98721
148.25218,13.74636
111.64262,-5.36449
121.69373,-2.87644
105.69483,-13.70986
114.32898,-9.64713
88.77793,-22.90061
99.41279,-18.95644
115.09252,-11.54161
108.14789,-16.09992
115.51700,-14.35470
115.46050,-14.73542
117.01534,-14.12789
110.31230,-18.14359
107.81956,-19.85080
96.75850,-25.38050
115.48075,-18.20869
111.98546,-20.22302
109.83946,-21.73207
117.54778,-19.30447
144.78799,-2.80874
113.35500,-23.42800
122.18443,-19.23364
128.34758,-16.14939
103.80096,-29.12459
122.67345,-20.52560
108.70733,-27.83981
118.79750,-23.63683
105.70800,-31.59170
116.85937,-27.33532
75.75720,-39.76235
130.07884,-20.91007
120.62055,-27.69873
146.39714,-13.17100
112.22420,-35.75387
115.82600,-34.75320
122.25685,-32.67359
123.33955,-33.01762
121.06000,-34.26670
119.27728,-36.11388
127.96931,-32.10241
134.44148,-28.95998
130.16753,-32.37589
44.24334,-44.17164
121.61808,-38.88998
129.06900,-35.25040
124.04166,-39.86407
127.72582,-38.30194
121.39046,-41.93814
108.70565,-46.96102
127.11650,-39.39444
129.28479,-39.41897
129.35249,-40.63541
156.19225,-18.64229
133.37883,-40.06167
139.00690,-36.62743
125.97417,-45.51928
125.16745,-46.38301
121.29577,-48.39219
122.88283,-48.72147
116.83350,-51.25094
128.52838,-47.27736
130.86700,-46.11108
138.11092,-42.42772
139.04005,-45.47855
133.57634,-50.53954
134.76237,-50.39436
158.62749,-29.18755
151.75696,-40.43672
133.40350,-54.08572
137.16687,-53.32053
151.44075,-44.35924
145.40627,-49.96631
145.40627,-49.96631
146.85333,-48.97075
138.78227,-54.87883
140.52844,-54.16072
138.47009,-55.47133
142.70168,-53.16648
141.19096,-54.60428
143.50503,-53.19958
141.76302,-56.10589
144.46608,-54.45238
142.83536,-56.29427
140.35558,-58.31130
142.72824,-57.61469
139.86449,-59.20011
153.31645,-50.33313
148.36275,-54.87767
145.85675,-57.28208
152.99026,-52.63808
152.64351,-53.93519
144.69672,-60.09192
153.33197,-56.92562
157.88346,-53.55836
158.57918,-53.68438
171.68245,-34.36973
150.95485,-60.73007
157.88925,-55.34744
163.66905,-48.78412
159.61504,-56.78511
152.33690,-62.61345
160.33156,-56.15454
155.78810,-60.54506
159.88622,-57.10381
136.77609,-69.94187
151.84837,-63.90835
151.74821,-64.36388
154.45953,-62.67068
162.18008,-56.05267
168.47563,-47.95017
89.25890,-75.67292
161.12965,-61.66069
169.54059,-52.16731
158.94092,-64.31993
171.00436,-52.85538
165.98325,-60.60127
172.15085,-52.93445
178.12179,-42.29408
165.08380,-65.24938
171.85108,-57.29969
173.32382,-57.10389
171.99060,-59.95770
172.70200,-59.28497
172.19737,-60.11036
173.79567,-60.28361
178.27726,-50.84907
186.12814,-18.78486
180.17950,-47.55300
177.57387,-57.18247
172.93929,-65.97047
175.40533,-62.48189
169.42982,-70.82567
177.15913,-65.14370
174.79666,-68.86921
152.33683,-80.85842
182.29248,-58.71040
182.10597,-64.20259
184.63642,-55.90128
181.06117,-67.31014
187.71873,-44.23775
185.75516,-64.02943
187.18332,-62.09307
187.19521,-63.74364
187.53152,-63.88342
187.62677,-64.86822
187.60200,-66.24050
191.47723,-60.33766
192.13158,-63.83322
195.17175,-56.89458
197.19727,-67.64380
196.45088,-57.65674
203.55887,-75.77537
199.87461,-66.15224
200.64146,-63.35056
203.38739,-65.97408
206.34331,-71.48226
201.09134,-57.52203
204.89600,-67.38106
204.38400,-66.14430
202.02050,-54.69969
204.67751,-61.92980
213.85335,-74.21294
208.12785,-66.39069
205.65062,-61.37477
208.48738,-66.51415
206.00012,-60.82968
208.61430,-64.99227
201.40630,-37.60415
208.34613,-60.56317
208.60258,-60.45619
213.85058,-67.53186
208.93011,-59.37778
209.55777,-58.90883
207.76364,-51.20573
214.68057,-63.11930
213.97202,-60.02716
214.21585,-58.88611
230.29379,-72.22378
210.17400,-51.04100
215.33295,-58.63947
218.32688,-60.82669
234.29671,-71.91469
215.20381,-55.46645
220.32417,-61.33178
215.49971,-55.03803
214.53703,-52.17771
219.58325,-59.19614
221.58298,-61.22634
227.66988,-64.67386
220.39927,-56.25325
226.50779,-61.35572
226.03588,-60.88894
227.18154,-61.73708
205.17225,-19.88203
220.12885,-52.58241
215.60900,-44.15067
239.00700,-66.15258
293.45590,-74.54963
226.49664,-55.98793
232.57742,-61.02758
221.64625,-50.39019
224.97301,-54.30200
226.31990,-55.18622
255.32190,-70.10093
227.35483,-55.55158
227.98433,-55.66297
238.04463,-62.51294
230.92859,-57.15695
233.56929,-59.15228
236.92154,-61.21822
234.50508,-58.74514
230.58067,-54.13688
229.78635,-53.16390
225.41969,-48.35056
230.90135,-53.85777
235.49504,-56.60714
231.38615,-52.84388
239.78655,-58.39770
253.64653,-64.24123
231.28267,-51.32841
243.92612,-59.90027
238.24600,-56.40720
229.93283,-48.99858
211.10776,-17.22801
239.53360,-55.69726
239.99013,-55.92586
226.55721,-42.99902
244.79320,-57.98190
229.20808,-45.64961
247.37973,-59.15681
240.24635,-55.09437
245.87752,-58.32296
240.46170,-54.89434
237.37137,-52.50458
237.92056,-51.52455
243.63500,-54.95131
243.60060,-54.79410
238.71211,-51.37645
235.55436,-47.67896
246.08923,-54.60078
244.30961,-53.53477
237.83271,-48.43544
241.06944,-50.83409
245.55970,-53.68168
259.08779,-59.48986
228.21200,-38.12550
246.96214,-54.02454
242.24449,-51.03240
247.49879,-54.15742
246.15771,-53.37608
247.47225,-53.38732
240.09167,-48.25980
248.83845,-53.83651
268.53942,-60.83269
267.97008,-60.38936
257.25388,-56.91340
243.83347,-49.22243
247.77725,-50.44347
257.93827,-55.40046
255.76196,-53.93171
251.25075,-51.20586
238.30183,-41.84064
248.55592,-49.35336
235.77101,-39.30404
252.16700,-51.15544
251.98775,-50.71328
243.76167,-45.19836
245.97725,-46.70393
256.56152,-52.50011
254.90027,-51.70179
240.55434,-41.55998
263.61750,-54.48261
247.60771,-46.04753
260.65396,-52.77624
255.40407,-50.38264
254.37108,-49.78194
260.19325,-51.75431
244.84671,-42.26019
193.89058,25.89183
270.24744,-52.73893
242.10967,-37.14653
240.84254,-36.01492
257.86404,-47.41711
243.40974,-37.99958
287.44896,-55.58631
264.02890,-49.42924
240.33778,-34.54351
260.26215,-47.59092
247.87700,-40.25350
230.58031,-23.62537
243.24321,-36.22983
254.14158,-43.77077
260.71865,-47.04580
271.81583,-51.01950
253.38056,-42.65622
261.95329,-46.92814
256.59399,-44.21943
259.88563,-45.88751
243.36734,-34.59423
263.92365,-46.99682
251.10058,-40.05567
261.75943,-45.54402
254.34892,-41.63274
256.74636,-42.68587
250.63928,-38.90884
262.51608,-45.38074
252.89021,-40.04879
252.38695,-39.35249
258.09177,-42.51146
251.68808,-38.61614
261.55135,-44.19047
252.60551,-39.13858
266.39706,-46.08995
257.61414,-41.88039
268.19608,-46.69983
256.29376,-40.88568
242.44131,-30.91879
249.86713,-36.57122
253.61377,-38.73622
266.36900,-44.90500
264.83275,-44.16042
245.82924,-31.74971
252.22537,-35.78584
256.14072,-37.88747
265.01389,-42.40155
274.63342,-45.98381
252.20229,-35.01594
263.19913,-40.97462
269.14044,-43.05525
254.48798,-35.41504
263.08360,-39.85618
260.56549,-38.48339
263.92416,-40.19061
258.43539,-37.10322
255.27596,-34.82738
264.12450,-39.36571
265.72528,-39.60668
263.09225,-37.95662
256.15106,-33.98854
272.24533,-41.81047
255.94520,-33.49567
255.57945,-33.16806
267.61503,-39.67121
253.40445,-31.67584
268.03909,-39.53737
267.68570,-39.29055
273.22046,-41.50739
268.26172,-39.40240
252.57129,-30.33208
263.25278,-36.73126
266.27826,-38.14708
256.37781,-32.53564
258.67877,-33.41311
266.96948,-37.80086
261.60117,-35.02822
270.87151,-39.35783
262.11492,-35.12547
251.20438,-28.06797
270.04925,-38.83128
267.68853,-37.39808
256.07635,-30.89131
271.13174,-38.79436
267.00387,-36.83556
266.14820,-36.23393
256.30800,-30.53880
276.67407,-40.49792
263.86404,-34.79506
259.93938,-32.50894
258.52927,-31.32850
271.24004,-37.63554
264.72634,-34.46065
259.71634,-31.65176
258.22243,-30.66899
273.91267,-38.46569
270.73206,-37.13721
259.83423,-31.21125
267.12288,-35.09144
270.63469,-36.65304
258.76100,-30.34240
266.38451,-34.56551
261.10960,-31.72220
259.76398,-30.89816
266.05770,-34.29259
271.46893,-36.76015
265.00143,-33.59230
266.08582,-34.11127
261.26447,-31.47736
267.80063,-34.92300
266.52636,-34.06265
267.24164,-34.36480
267.30807,-34.38138
266.95588,-34.13472
273.09852,-36.88107
268.24561,-34.63972
261.17020,-30.86652
260.38290,-30.34676
271.71858,-36.11139
271.78258,-36.04606
267.46169,-34.00865
261.33060,-30.67827
273.16614,-36.53032
268.63742,-34.37246
271.83948,-35.76223
270.63344,-35.22047
271.31000,-35.46876
267.96072,-33.79322
266.68936,-33.14307
262.74515,-31.01826
268.33752,-33.93290
259.33553,-28.99115
272.45514,-35.73691
269.32977,-34.16364
271.12210,-34.96694
270.07586,-34.46100
267.54474,-33.23832
276.96140,-37.26589
261.27539,-29.75469
260.13855,-29.01074
260.26859,-29.04978
262.20978,-30.12902
261.14346,-29.40541
263.46235,-30.71004
262.71358,-30.28676
271.02167,-34.47708
269.56012,-33.79375
257.67395,-27.14549
262.78369,-30.17444
269.35486,-33.59526
263.32100,-30.44140
271.53458,-34.55853
260.85391,-28.98501
261.49911,-29.36393
268.40768,-32.97998
268.14319,-32.76419
269.63588,-33.47680
261.74915,-29.25885
263.19540,-30.00419
262.42816,-29.54728
268.31998,-32.67738
263.93106,-30.35734
256.43549,-25.41715
269.05800,-32.62280
270.42818,-33.25687
262.58893,-29.17016
258.13980,-26.42260
261.88687,-28.51858
266.51154,-31.06056
261.83395,-28.46421
261.21729,-28.09850
289.34775,-39.61289
262.41910,-28.67281
264.24933,-29.66915
267.93610,-31.60005
262.17410,-28.45537
263.84476,-29.37150
273.01147,-33.86865
262.62680,-28.59858
269.76038,-32.36206
260.29784,-27.19362
262.94738,-28.70072
258.16315,-25.72705
271.23431,-32.90034
268.00143,-31.29720
263.80823,-29.05283
270.97275,-32.69504
260.61780,-27.14511
270.86874,-32.62388
268.40096,-31.42355
261.79442,-27.73267
263.96800,-28.97430
261.75146,-27.67614
262.78873,-28.24734
266.49023,-30.20016
262.51062,-27.98821
262.68250,-28.06852
269.54434,-31.71558
269.98659,-31.90770
264.68957,-29.14935
270.69403,-32.15816
268.77358,-31.20468
267.57501,-30.58192
252.14373,-21.01404
268.19186,-30.82623
304.86960,-41.52430
261.43359,-26.96325
266.98417,-29.99436
269.10684,-31.07134
272.13100,-32.49990
267.82874,-30.39805
264.67569,-28.71259
262.56000,-27.50539
274.86079,-33.61864
263.81473,-28.11714
269.55222,-31.13500
263.55759,-27.93360
271.03203,-31.65296
264.05908,-28.01286
268.90021,-30.55891
268.02469,-30.08717
270.72007,-31.39948
262.69464,-27.09976
259.80579,-25.28821
263.95050,-27.72233
261.34829,-26.19806
261.00604,-25.98977
273.71091,-32.61534
261.43071,-26.19875
271.83036,-31.71559
270.96912,-31.29626
273.32480,-32.32854
268.24321,-29.88969
268.51797,-29.95753
264.56791,-27.80219
264.51300,-27.77160
261.01793,-25.72054
268.20379,-29.69973
269.94800,-30.50900
259.67831,-24.69027
262.28044,-26.24582
268.21714,-29.50027
270.04626,-30.39690
262.55121,-26.35030
261.30452,-25.57113
270.84042,-30.72659
262.46821,-26.18703
263.98169,-26.98803
269.98625,-30.07443
263.73300,-26.73790
268.25290,-29.09802
259.28769,-23.94146
272.60200,-31.06790
264.87535,-27.03390
267.93033,-28.64969
271.20071,-30.28033
265.21567,-27.14674
270.30578,-29.78336
264.79712,-26.87226
268.93000,-29.06770
264.95714,-26.81249
268.32257,-28.60199
269.15100,-28.95510
272.76128,-30.70331
270.87400,-29.78260
271.66278,-29.98133
261.22413,-24.32247
263.11289,-25.38024
270.09335,-29.07746
269.70504,-28.88220
264.31876,-25.99386
269.99542,-28.89911
267.98200,-27.80080
265.77834,-26.60839
270.00255,-28.77418
263.94747,-25.46196
272.44540,-29.88162
269.42581,-28.40196
271.11879,-29.23261
270.70911,-29.00557
270.15019,-28.71397
269.96950,-28.57989
265.43620,-26.15554
265.69071,-26.22933
270.90807,-28.92823
266.86800,-26.83018
270.70207,-28.79472
266.13960,-26.41499
261.72673,-23.85776
270.79300,-28.81450
270.04044,-28.42363
270.07790,-28.43551
261.42400,-23.64220
270.38454,-28.52917
265.12800,-25.74490
271.70710,-29.16643
268.79333,-27.69437
270.07832,-28.30968
272.02700,-29.21960
268.93974,-27.66163
266.00690,-26.09588
262.29419,-23.90840
269.64630,-27.94889
261.92373,-23.64807
266.14756,-26.05979
273.93800,-29.96230
265.45171,-25.63832
261.64071,-23.42069
270.85296,-28.44031
272.80209,-29.36668
264.50127,-25.01281
271.23080,-28.55219
270.43880,-28.16027
261.22168,-23.04279
266.71669,-26.19725
265.80457,-25.69412
263.34200,-24.25120
266.00121,-25.75998
263.24253,-24.14588
265.91438,-25.63796
271.05455,-28.26998
265.71710,-25.42857
269.62047,-27.49446
270.78541,-28.07080
266.32876,-25.70142
264.38342,-24.59475
271.63375,-28.40753
278.89010,-31.59566
272.11590,-28.59361
271.07200,-27.95470
278.42834,-31.26193
271.43503,-28.07942
273.09754,-28.80275
269.88836,-27.21384
263.27935,-23.46674
270.35358,-27.30306
271.61665,-27.78772
272.65046,-28.22933
269.98035,-26.86362
270.17628,-26.89357
264.28753,-23.68999
265.91342,-24.53167
271.30462,-27.35219
264.15212,-23.50580
270.79086,-27.04607
271.49081,-27.38583
269.80040,-26.50668
265.95600,-24.40070
271.01079,-26.89087
271.81252,-27.26423
270.54669,-26.61885
266.66250,-24.44092
262.92900,-22.27690
266.19292,-24.11636
271.35955,-26.81748
271.24794,-26.75469
271.24546,-26.70972
261.55126,-21.29861
265.37001,-23.53866
271.73331,-26.88167
271.33354,-26.52911
267.13752,-24.29334
270.32875,-25.88918
272.00085,-26.62723
263.38753,-21.85639
267.31144,-23.94497
270.32047,-25.37724
263.82081,-21.77497
269.77043,-25.03023
273.70082,-26.98689
266.07106,-22.91582
267.19173,-23.44083
266.32083,-22.91608
280.21086,-29.52311
270.96821,-25.28349
271.76378,-25.59525
265.72792,-22.23777
272.83500,-25.95550
264.42275,-21.44066
279.47752,-28.45867
264.60713,-20.87165
268.68668,-23.15196
268.43876,-22.90033
266.27708,-21.69920
266.55586,-21.84699
271.92062,-24.65561
269.13837,-23.19639
263.55716,-20.01404
278.93578,-27.85585
267.91690,-22.38821
268.36797,-22.57305
274.50624,-25.68419
273.36247,-25.09779
275.44248,-26.02921
273.84900,-25.22910
262.05839,-18.74196
266.04500,-21.05070
274.71127,-25.52666
267.25992,-21.46847
268.90271,-22.21312
275.24028,-25.40623
263.62633,-19.01694
275.24496,-25.17167
265.89165,-20.23216
267.30732,-21.02871
278.33954,-26.54111
274.00076,-24.45944
263.31623,-18.60448
268.89457,-21.71058
280.47851,-27.27849
268.92694,-21.67180
272.91894,-23.62114
268.12881,-21.03470
268.76498,-21.31059
269.60209,-21.66084
272.30271,-23.06576
267.11416,-20.27524
266.81457,-19.95774
283.21213,-27.81911
267.24256,-20.15833
274.83350,-24.08454
269.66919,-21.21278
264.56478,-18.14060
262.30533,-16.79544
276.18041,-24.27523
273.80401,-23.01812
269.49309,-20.74834
273.29444,-22.55751
270.25455,-20.95944
275.28708,-23.40220
267.78624,-19.42976
273.73413,-22.34359
273.55050,-22.24697
274.08225,-22.38035
277.98475,-23.93546
272.79417,-21.38717
272.91258,-21.01231
276.03123,-22.43718
267.69700,-18.05820
267.94374,-18.06918
273.90399,-21.22259
273.39742,-20.95128
265.26947,-16.41364
271.73043,-19.93839
269.77125,-18.88947
269.55983,-18.69044
276.05496,-21.74564
270.03423,-18.57600
274.51834,-20.73722
271.12172,-18.71137
275.22433,-20.80344
278.61463,-22.36839
277.67579,-21.53056
266.28086,-14.88969
275.43250,-19.66333
275.07333,-19.44316
283.77033,-23.47019
270.48209,-17.03107
270.97953,-16.95622
269.29376,-15.93836
271.23949,-16.98130
277.84547,-20.03548
271.22034,-16.56410
271.04367,-16.46237
270.39488,-16.03858
268.94313,-15.04536
278.19122,-19.82470
272.55654,-16.79467
265.74127,-12.94670
276.39798,-18.66220
278.14429,-19.23528
270.65954,-14.70081
272.13291,-15.11054
273.37083,-15.72189
282.35075,-19.87039
271.91319,-14.42470
272.14614,-14.11195
273.77663,-14.95575
269.28090,-12.50082
282.04613,-18.49353
277.23246,-15.82167
276.00871,-15.09253
272.40085,-12.99944
270.91336,-12.16612
277.01088,-15.27267
269.08917,-10.95995
276.96143,-15.07332
277.12747,-14.68944
284.31888,-17.84694
274.75946,-13.11764
273.39021,-12.34650
277.96000,-14.25575
274.61225,-12.40424
276.87378,-13.47178
271.36754,-10.34531
277.67668,-13.51920
278.01896,-13.43756
277.83646,-13.32719
275.72356,-11.88593
277.97072,-12.93717
276.01674,-11.43755
279.45917,-12.82774
275.21199,-10.16187
283.56213,-14.33256
275.06414,-10.04140
279.78692,-12.32004
287.76833,-15.76858
281.03175,-12.44725
274.27175,-8.94706
281.31700,-12.52770
274.77776,-9.03063
276.60875,-9.89059
275.52372,-9.23583
279.93611,-9.88761
280.74039,-9.83064
277.83168,-8.09524
278.67328,-8.40558
280.34585,-9.06836
279.86321,-8.61923
284.63657,-10.90814
277.20017,-6.86666
282.13628,-9.20053
278.09541,-7.11592
275.61337,-5.48780
286.88527,-10.72909
287.77783,-10.82147
285.65617,-9.66821
276.98916,-5.17300
276.57333,-4.58975
280.66500,-6.61701
282.88042,-7.54143
277.39250,-4.52726
281.12082,-6.05695
280.99114,-5.93897
280.20542,-5.49565
280.57596,-5.65164
276.06708,-3.30556
280.79438,-5.69697
278.97434,-4.66900
278.79831,-4.48500
281.22721,-5.29211
281.18992,-5.06517
282.37202,-5.62669
281.06842,-4.88153
281.20681,-4.89991
278.12992,-3.29575
278.40968,-3.43218
280.10550,-4.25935
282.16900,-4.59842
283.83096,-5.17436
280.81377,-3.42414
279.04452,-2.45380
282.80071,-4.14858
283.37769,-4.23576
280.73763,-2.76664
280.98708,-2.53555
285.31081,-4.49246
281.51127,-2.55223
280.26896,-1.68044
281.94767,-2.25825
283.89397,-2.67404
283.23268,-2.18236
283.67200,-1.85428
283.70097,-1.65611
280.93800,0.03939
283.82045,-1.28252
283.10056,-0.74621
281.25295,0.35640
279.79926,1.10697
282.71313,-0.35839
283.10634,-0.55728
282.94793,-0.47477
287.38192,-2.70829
280.54750,0.84216
283.85711,-0.80632
285.43033,-1.49356
286.56371,-1.55600
289.31919,-2.67388
285.01388,-0.23367
281.93912,1.54639
285.93071,-0.45003
284.21313,0.48158
285.40012,0.00302
289.28129,-1.20697
284.49821,2.11872
287.85319,0.46255
291.24040,0.64428
289.28038,2.00282
290.43542,1.54461
290.33707,1.60394
292.21367,2.89861
93.83483,-0.43042
102.66872,0.22780
106.23580,-0.18748
102.78038,-2.95197
100.57667,-4.29684
99.99207,-5.91575
105.64338,-3.40900
108.44972,-4.08550
108.46299,-4.54952
105.28921,-7.82331
110.58446,-6.36556
103.55600,-10.76064
106.46475,-9.40511
108.88521,-8.44696
105.02392,-11.73017
109.03392,-10.88358
107.93500,-12.63470
109.94456,-12.37974
106.41125,-14.31769
109.48950,-13.56881
111.95416,-12.99172
102.26137,-18.27720
114.96061,-14.30715
111.78454,-17.12057
111.18050,-17.96139
106.09585,-22.36446
103.99973,-23.94697
120.24625,-16.59369
115.97979,-19.86611
112.69546,-21.86221
122.25596,-16.83383
114.52711,-21.92527
110.55955,-24.51720
116.82750,-21.78028
114.90883,-27.15842
111.51999,-28.97308
113.07292,-28.42150
116.83925,-27.48781
118.29163,-28.05186
113.35030,-31.13463
115.59904,-32.79747
125.32628,-27.92663
130.83253,-25.24163
120.12417,-32.20894
128.57533,-28.31758
116.41955,-35.58902
120.80275,-33.51722
116.14204,-35.89915
131.15770,-27.62081
114.10493,-39.02525
125.21908,-35.27561
125.21007,-35.60036
136.21704,-30.53983
119.60959,-42.73139
126.44825,-40.21944
124.83210,-44.38527
124.57002,-45.29921
129.60574,-43.67665
137.95205,-42.08608
130.74928,-46.69036
143.07429,-38.45792
130.09292,-48.70839
130.97371,-48.35627
140.38251,-43.36836
141.86900,-43.79610
136.42088,-47.90172
136.36838,-48.38226
131.04925,-54.32555
133.83808,-53.17711
142.17071,-49.61297
141.02782,-50.89028
138.53534,-52.53886
137.00876,-55.37218
138.33589,-54.76009
136.42374,-55.81505
145.17038,-50.70635
139.61037,-54.52695
143.75547,-52.65504
138.51448,-55.92278
141.06292,-55.10692
145.50499,-52.34500
136.95400,-57.38180
148.65619,-50.44915
149.54288,-50.65917
142.85829,-55.59560
145.75300,-53.97430
142.70420,-57.27253
149.35962,-53.95247
145.21882,-56.96665
152.12674,-52.03765
152.51711,-51.78004
151.80090,-53.07914
144.18156,-59.08796
145.10955,-59.76224
143.26336,-61.35499
151.45709,-58.27471
156.14086,-56.00890
153.60029,-58.19775
150.32821,-61.86775
160.18825,-54.30347
151.96373,-61.40668
154.86497,-60.98612
157.28158,-60.23428
156.44279,-61.25641
159.03827,-59.15554
161.80497,-58.82293
163.38313,-59.05059
161.71217,-61.15567
164.51208,-58.89273
166.92874,-56.70778
161.18571,-63.54140
161.59868,-63.45238
161.69051,-63.46971
163.65167,-62.00412
170.47168,-53.65098
166.91800,-58.91970
166.51479,-59.42769
166.91900,-58.95310
167.00413,-59.57500
164.29020,-62.56114
166.11788,-62.00719
173.66075,-52.72585
171.21200,-57.18610
169.79507,-60.03471
166.48541,-64.60751
172.20308,-59.04471
171.42800,-60.24253
170.34035,-61.76845
173.32308,-57.35972
171.94783,-60.56027
172.45994,-60.20223
172.05347,-61.35087
172.74558,-61.24751
175.15329,-60.36949
176.18331,-59.43423
173.40701,-64.28914
173.94322,-64.10521
175.18383,-64.91636
176.28932,-63.48157
174.31512,-68.11246
180.06790,-59.07885
180.14958,-59.49692
179.44802,-62.43933
179.26327,-63.21218
181.46458,-57.77386
177.61497,-67.08252
182.37147,-55.89271
180.57500,-61.21258
181.60611,-61.37891
180.80168,-64.06140
183.20154,-60.72108
181.40717,-66.00580
184.03801,-60.65889
183.11673,-64.11974
180.73225,-70.02306
183.44326,-63.74971
185.25294,-59.12583
184.50367,-62.76059
181.41645,-71.03238
183.39921,-66.72019
184.78427,-63.78365
186.05948,-60.39247
185.46584,-64.21828
185.99133,-62.60608
187.48999,-58.65173
186.66067,-66.83028
188.71751,-58.72282
189.38718,-56.67943
188.83931,-63.30017
188.56847,-66.86365
190.18457,-53.79061
189.94283,-60.80481
190.60090,-64.99019
190.83083,-64.46697
191.11425,-62.52189
191.24802,-66.01724
192.31035,-64.24083
192.51835,-63.78115
193.82396,-62.85056
194.29000,-60.87683
194.46385,-62.27005
195.08850,-56.36067
197.25715,-64.95495
197.37861,-64.25888
197.58179,-59.75293
198.82792,-65.91717
199.26325,-67.68611
198.87647,-63.64543
198.51741,-58.10806
199.71092,-63.98168
199.85007,-64.31479
200.73064,-63.50944
201.13419,-64.80361
201.04865,-64.30311
201.06980,-63.33499
199.57786,-56.01998
201.63621,-64.11954
204.30906,-69.13726
202.54561,-64.64083
201.59045,-61.05222
204.34342,-67.85191
201.80834,-60.53612
203.02342,-64.20808
201.87673,-60.53291
204.60882,-64.94503
204.47861,-62.98175
203.05831,-58.86057
205.28127,-64.46502
203.76250,-60.26278
203.37784,-57.74498
204.09600,-59.89011
206.67243,-64.31273
210.15425,-66.79953
208.59308,-63.62161
209.95307,-65.02485
210.54166,-65.59278
211.10566,-64.06581
212.37137,-64.36555
207.94331,-54.49500
212.19710,-62.49941
209.91582,-57.48029
212.22158,-61.10454
209.69018,-55.87956
212.20582,-58.07341
212.98502,-58.19766
211.38436,-55.12903
220.69396,-66.25062
217.21181,-62.57026
215.02709,-59.56504
214.15700,-58.15894
217.71906,-62.85439
215.99879,-59.39386
218.03833,-61.64669
217.43292,-60.05472
219.57537,-61.66723
227.59175,-67.90669
223.15070,-64.03945
220.38402,-61.23830
224.82550,-65.18695
219.47167,-59.82362
214.38396,-52.43917
221.90760,-61.45638
214.60746,-51.74423
227.02700,-64.93022
223.51417,-61.77499
218.36104,-55.95522
220.11409,-58.03860
225.67135,-63.25030
216.13582,-51.64440
225.99463,-62.96192
219.11906,-54.49867
221.79157,-57.06249
226.16497,-61.21974
220.17702,-53.83666
223.35338,-57.24694
224.39867,-58.20249
227.83736,-61.14800
226.96021,-59.42083
230.31951,-62.05909
222.90663,-54.54061
223.42089,-54.80247
229.85491,-60.54389
233.24698,-62.05111
224.25951,-54.23284
234.44125,-61.99667
232.45257,-60.58109
230.74270,-59.29570
226.77514,-55.28044
234.96788,-61.78959
231.49747,-58.38386
230.74553,-57.49981
231.10017,-57.77246
230.84390,-57.18006
229.35267,-55.63958
228.64327,-54.60388
232.71200,-58.02465
230.12414,-55.29536
238.09700,-60.15477
234.89496,-57.45064
234.79418,-57.16413
230.11461,-52.72356
228.49239,-50.16774
238.29662,-57.63644
237.08878,-56.49887
237.83447,-56.89752
237.51916,-56.65363
233.33601,-53.31688
227.43506,-47.11870
237.82884,-56.35556
238.71246,-56.86608
240.61455,-57.23562
231.30868,-49.96128
235.37298,-52.73020
249.42457,-60.98335
239.79624,-55.87166
240.44836,-56.14044
240.52952,-56.06182
240.28017,-55.88919
240.73518,-56.05017
240.54658,-55.72517
236.79083,-52.24528
240.98255,-55.08901
243.46518,-56.55439
238.23672,-52.90336
233.39163,-48.57347
233.27863,-48.41239
244.97851,-56.63724
241.66139,-54.12251
244.60563,-55.40381
241.40589,-53.33169
243.83450,-54.62333
234.01544,-47.19253
239.28079,-51.46695
244.11834,-54.63282
243.25850,-54.10897
244.33252,-54.75335
237.21726,-49.61329
238.53706,-50.37754
237.11021,-49.05900
238.98584,-50.23562
244.22590,-53.41112
243.84082,-52.90364
240.97370,-50.28108
246.01205,-52.83483
239.15081,-47.89468
248.58541,-54.08443
244.67831,-51.79590
250.73247,-55.03107
244.98953,-51.52975
245.64173,-51.74886
246.60082,-52.28272
239.56092,-46.62834
250.26825,-53.04019
242.05253,-47.49652
244.95874,-49.11442
243.16929,-47.83727
253.60425,-53.64556
248.67097,-51.03511
264.14008,-57.60656
241.77213,-46.33221
243.71792,-47.70309
254.57102,-53.69578
250.84836,-51.49127
263.74633,-56.82335
249.43702,-49.96387
249.30912,-49.18776
244.60712,-45.85673
240.25790,-42.15000
255.24468,-51.61182
242.80367,-43.93941
254.49887,-50.29222
248.49165,-46.83529
251.82045,-48.77980
248.71326,-46.47448
246.97241,-45.26090
254.49750,-49.55939
247.27083,-45.09586
255.67500,-49.72247
252.54086,-47.78469
253.30127,-48.20184
249.24475,-45.49142
248.79305,-44.97793
242.87788,-40.64277
246.00300,-42.88000
249.84290,-45.27641
247.77939,-43.90851
246.92173,-43.15085
255.45497,-48.06394
262.82846,-51.36669
258.85930,-49.65769
248.67962,-43.30002
254.27632,-46.56657
245.43253,-40.67338
248.13115,-42.34931
251.61498,-44.04028
248.70713,-42.06196
250.57749,-42.24589
256.60503,-45.45112
255.51794,-44.72224
255.84983,-44.84167
260.14702,-46.55499
256.70553,-44.57629
263.36581,-46.96606
253.48040,-41.73328
251.08529,-40.03700
256.98744,-43.15137
252.58403,-40.50088
253.67989,-40.69629
259.47188,-43.86605
260.77526,-44.32121
259.80684,-43.60953
249.69172,-37.52862
252.92200,-39.50758
265.02630,-45.07270
253.96628,-39.00582
253.63569,-38.75093
254.00723,-38.69741
259.88039,-41.88586
251.59045,-36.62170
254.43679,-38.44661
244.62584,-31.33109
267.69035,-44.63944
257.29208,-39.51847
258.70545,-40.10249
256.07067,-38.33261
256.24630,-38.40111
259.45548,-39.76623
256.36292,-37.81353
258.81722,-39.06340
262.48986,-40.72968
253.84191,-35.58997
261.64282,-39.83893
257.55130,-37.54752
261.12790,-38.99553
252.18833,-33.31567
257.39125,-36.49028
261.90346,-38.85240
256.50797,-35.74362
253.53438,-33.73294
256.60215,-35.47721
265.10233,-39.83044
253.75497,-33.16972
264.27178,-38.62145
263.71992,-38.28842
263.58330,-38.15165
257.58254,-34.57633
258.07919,-34.86860
264.82165,-38.49555
263.87086,-37.99060
264.54583,-37.89467
264.04211,-37.28550
257.34084,-33.46310
255.67958,-32.31922
258.99161,-34.11195
265.95412,-37.83032
266.91623,-38.19523
259.48417,-33.82423
263.59275,-36.01328
253.71899,-30.01442
258.79333,-33.23001
266.74873,-37.42665
259.68705,-33.25665
257.97834,-32.17477
265.20900,-36.12960
264.56745,-35.77474
265.08933,-35.85856
260.64729,-33.28728
259.79240,-32.78978
265.18997,-35.73282
256.49900,-30.66410
266.38000,-36.16590
268.69400,-37.14670
258.95126,-31.98942
263.55713,-34.43332
258.04212,-31.24443
257.68083,-30.54111
260.76754,-32.38614
258.22460,-30.83116
260.54874,-32.17919
267.06796,-35.64194
265.12707,-34.62145
267.73381,-35.81363
267.20265,-35.50831
260.34872,-31.83111
259.97700,-31.57940
261.31604,-32.26989
258.16271,-30.36078
259.90417,-31.35269
266.18127,-34.74046
267.84600,-35.52230
260.67001,-31.66526
257.69900,-29.77720
259.69462,-30.92475
265.49608,-34.09281
268.62600,-35.55340
258.39625,-29.96089
266.78467,-34.59528
267.73709,-35.01280
269.49783,-35.79942
266.71500,-34.46790
266.26542,-34.22450
259.97827,-30.74946
268.57248,-35.26085
270.20028,-36.00892
259.01708,-30.03783
260.12658,-30.69650
267.49538,-34.64388
258.70123,-29.77972
262.29583,-31.87908
266.11620,-33.92222
260.17954,-30.64339
259.65493,-30.32362
265.22876,-33.40502
262.12972,-31.53578
259.43338,-29.90829
260.38225,-30.45547
268.41567,-34.72783
260.84791,-30.64448
259.94654,-30.06558
265.78002,-33.26501
265.38914,-33.03752
268.27041,-34.47755
261.24313,-30.71778
266.76979,-33.68408
266.21578,-33.32501
261.59832,-30.76079
267.77881,-34.02804
259.17396,-29.27250
267.34915,-33.79474
261.38916,-30.56583
258.94211,-29.08449
266.86472,-33.44407
259.55082,-29.24946
266.11670,-32.86977
262.03202,-30.63837
267.83620,-33.65366
268.51208,-33.98097
262.05911,-30.53723
269.20090,-34.24222
257.18709,-27.51721
266.29084,-32.77135
269.25242,-34.17805
259.45290,-28.76586
263.64308,-31.03544
262.34624,-30.28012
257.81167,-27.19195
260.78420,-28.93975
263.49292,-30.49586
259.25667,-27.99147
266.86878,-32.26284
268.00225,-32.73583
262.89375,-29.92689
270.59914,-33.84668
267.40792,-32.27439
263.60831,-30.25501
268.04917,-32.55210
271.69700,-34.26780
268.06665,-32.50190
269.93839,-33.35361
263.69420,-30.07251
269.60792,-33.08378
263.50707,-29.90976
268.48213,-32.48011
262.84100,-29.46439
263.41003,-29.75833
263.62089,-29.74138
267.70229,-31.87411
260.12833,-27.32774
262.80958,-28.84358
271.06258,-33.10830
263.41854,-29.14267
267.82713,-31.46779
269.18213,-31.95915
268.15208,-31.27420
262.36166,-28.07662
273.51200,-33.68080
261.99787,-27.79863
267.91164,-30.99831
261.22746,-27.27294
270.82125,-32.30694
262.18330,-27.72748
262.93039,-28.09977
263.07295,-28.10948
269.12000,-31.21070
268.41546,-30.85678
264.60958,-28.78425
268.80451,-30.97029
268.31786,-30.64445
271.77918,-32.25610
263.80025,-28.15861
269.46538,-31.10304
269.85623,-31.28164
262.69993,-27.44170
267.93300,-30.21180
261.99330,-26.89580
260.49209,-25.90669
268.49751,-30.36362
264.23668,-28.07833
263.14954,-27.40781
271.37586,-31.67115
262.94915,-27.15524
264.54900,-28.00200
269.02746,-30.32636
268.20488,-29.88362
281.46135,-33.34272
273.25300,-29.41960
286.39977,-33.19379
263.83925,-20.95639
266.90942,-22.10545
262.24008,-19.26495
266.38214,-20.96716
264.73907,-18.29327
267.61810,-19.05252
283.87773,-21.82768
270.27744,-14.50593
285.57342,-21.44758
284.76572,20.61702
322.49293,12.16743
301.00041,49.31850
3.22917,69.17333
71.67933,44.46711
102.66963,-22.43644
153.89614,-58.85288
163.64600,-59.16290
185.97333,-60.22039
211.40300,-64.68390
243.14145,-54.39435
249.90625,-52.82019
256.41211,-43.93899
260.40828,-28.92065
270.34247,-33.29530
252.77641,-32.38345
253.94701,-29.83840
255.64600,-30.32080
256.54700,-31.30070
256.86899,-36.39550
257.14250,-35.80170
257.26801,-35.08790
257.35699,-24.72090
258.75000,-34.29380
258.94501,-42.40170
258.95220,-35.17624
258.95801,-22.50000
258.96961,-31.36750
259.26233,-31.49153
259.70183,-37.10714
259.75813,-31.79429
259.85901,-22.80320
260.55371,-29.87681
260.72247,-25.41653
261.16892,-40.87238
262.47238,-29.95287
263.02399,-17.11440
263.68142,-29.78478
263.75362,-29.37102
263.75900,-25.39730
263.90616,-29.22157
263.97363,-22.33394
264.43701,-32.25830
264.61529,-28.86689
264.68500,-28.11180
264.84429,-29.69597
264.96700,-27.73900
265.09600,-27.82000
265.12701,-33.49910
265.14539,-28.69311
265.16066,-28.01709
265.17600,-28.20880
265.28933,-28.46486
265.41212,-21.74269
265.47826,-27.05534
265.61700,-27.22560
265.63501,-18.16220
265.70760,-27.35529
265.71072,-36.22643
265.84700,-27.18640
265.87640,-26.79226
266.13572,-24.22418
266.40533,-27.02156
266.68360,-27.05662
266.82401,-33.26090
266.88300,-24.21860
267.10400,-22.19790
267.23344,-31.11191
267.33342,-30.60155
267.36137,-20.90884
267.41558,-24.53714
267.46848,-30.55058
267.69921,-29.88708
267.69998,-29.41208
267.95324,-30.04262
268.03201,-20.87800
268.07422,-18.86734
268.09601,-35.07160
268.17787,-21.25999
268.19000,-28.81080
268.19901,-29.28970
268.25000,-28.73490
268.32379,-28.07575
268.33254,-28.45407
268.36246,-29.13783
268.36499,-28.19680
268.39899,-28.87340
268.55521,-28.08783
268.67150,-31.52894
268.84517,-28.33586
268.92658,-20.38291
268.94275,-27.89394
268.97034,-30.26145
269.14099,-28.50830
269.21767,-19.55014
269.25250,-36.25443
269.60841,-14.42310
269.86129,-42.41372
269.97900,-32.98660
269.99600,-32.59950
271.30200,-30.70370
272.14564,-31.11440
272.58200,-18.65280
272.91626,-34.00611
273.06067,-31.33347
273.41765,-23.96084
274.44800,-24.04410
275.48001,-27.16290
275.76852,-17.89281
277.25149,-18.17959
277.53300,-21.08480
277.64198,-19.24593
280.91588,-19.80907
281.29200,-23.35919
267.62100,-30.05960
269.98099,-27.32140
270.45901,-27.92390
270.51901,-28.06080
270.72299,-28.13220
271.48099,-29.04610
267.15207,-24.27618
266.71750,-30.62856
267.54501,-37.05720
268.01798,-27.61068
297.49500,30.24830
299.98258,34.48467
265.91434,-25.61181
53.99042,63.27830
60.87300,52.14056
68.15879,60.33670
71.15733,37.65422
71.32771,59.15683
73.85208,52.98750
84.49171,17.10500
90.19671,9.47778
95.42079,23.58690
101.60300,8.48389
104.84900,18.44690
257.41096,-9.01153
278.96425,10.95539
279.29429,4.47183
283.84083,15.19589
286.81596,18.87789
295.16800,29.50292
296.76108,29.50694
299.34288,26.65228
300.84399,21.59780
300.93442,12.37378
301.70401,21.35720
302.13599,19.47530
302.42080,41.24522
305.04800,24.07720
307.33600,25.54440
308.60901,31.30920
313.26642,21.00303
313.86363,39.06644
315.33542,21.66838
317.33401,38.60170
320.00039,51.68493
320.22054,50.94401
320.78900,38.97030
322.04600,58.87630
326.85200,63.08600
336.91329,66.73597
351.80499,65.15640
358.54725,74.92611
3.39100,67.30110
85.18650,31.74203
278.16667,13.96731
295.28201,19.14060
299.49701,4.79194
310.32501,27.58500
320.50400,55.07500
322.49349,51.06654
284.41671,-18.60464
269.27350,-17.18608
50.77050,62.78678
268.97198,-11.09490
82.23658,36.05097
106.81500,-5.16861
283.64500,0.18462
226.57129,-41.75514
178.35300,59.66580
343.68858,54.93363
268.13621,-17.68556
239.33800,-54.51280
303.83938,38.04550
289.13101,36.16330
21.28313,63.94800
295.18267,2.50883
284.43500,10.84810
283.34201,8.50500
38.91410,63.63998
348.26678,59.29441
292.19725,9.57725
295.99799,17.15030
322.68917,52.69639
332.82501,55.47830
81.37998,28.32956
300.07788,36.99283
265.13967,-29.77083
265.36579,-28.88089
267.36679,-29.34663
267.46158,-30.05292
267.58779,-28.65068
323.59684,52.62434
49.14183,46.89372
302.64014,44.19680
325.24608,58.97844
97.01692,12.77272
106.68668,-11.75568
109.91750,-7.21972
130.31292,-36.03289
262.29147,-42.54592
258.96506,-39.55229
272.65648,-39.88734
259.05942,-30.92661
267.93888,-32.05111
261.91050,-25.37389
266.12473,-27.34445
268.24720,-25.45760
279.14100,-21.81740
276.73413,-16.95131
268.06258,-11.17688
282.76545,-8.12229
272.91642,-0.81728
278.66101,0.13444
283.25822,6.73759
288.06758,10.60893
291.96399,14.02439
292.92199,22.72743
293.28762,22.97598
298.03800,27.30860
302.38685,37.52137
126.77400,-39.03750
130.87268,-48.91314
168.63300,-61.00080
183.87763,-60.22246
190.83902,-68.21132
200.11300,-63.82910
214.78100,-67.53680
212.94263,-64.27340
226.38506,-60.81431
235.78006,-60.42255
237.62063,-59.98047
243.83876,-53.85979
238.36898,-48.72298
250.52600,-49.75156
256.87738,-44.38063
276.86079,-17.40368
266.57700,-34.21030
297.21938,22.42097
253.75181,-40.92629
277.11308,0.74564
336.48700,60.19670
286.30204,16.22983
232.67336,-55.95766
250.59180,-44.89294
275.99983,-11.56073
268.41960,-29.71006
286.64000,9.12222
288.40513,10.65914
271.16208,-20.62417
220.36583,-59.34944
264.77125,-26.87750
217.00500,-60.47389
263.69114,-28.33899
267.54292,-29.36167
265.35500,-27.57778
269.02625,-29.12611
276.51254,-10.19207
277.12095,-9.10329
286.43254,6.73704
287.74558,4.06400
293.28710,15.89851
294.07338,27.34775
294.70689,31.62912
295.66908,27.85250
296.87029,22.47328
297.37910,27.50785
302.74175,28.74861
350.59875,57.77444
355.82528,63.95474
89.29883,28.38956
22.78738,61.38305
46.08875,62.30070
48.43800,61.61833
52.77235,55.64762
74.11510,50.28899
74.69886,37.61134
90.86723,15.68570
91.05104,19.00874
97.40788,6.87226
98.09977,15.06954
284.16675,-0.63458
284.56605,7.63152
285.31465,11.69742
285.61379,2.13464
285.82928,14.42347
286.13729,9.28241
286.19997,12.31241
286.22527,10.30028
286.43268,11.00515
286.82562,4.68225
287.50472,14.36742
287.51414,3.37335
287.59210,11.09403
287.61423,3.67968
287.76980,6.14585
288.23118,14.54669
288.43987,17.79787
288.68800,13.53885
289.31900,18.25506
289.66846,7.52531
290.44464,17.34886
290.46683,13.87311
290.47476,14.51561
291.15142,15.73389
292.15733,24.84023
292.53875,19.35806
292.79488,19.48491
292.86254,11.93970
293.27460,13.48918
294.13960,15.56258
294.32783,20.35083
294.46783,27.18883
294.61624,26.96448
295.60847,21.75586
295.63708,15.00949
295.75554,21.90692
296.29447,27.15834
296.48432,23.47601
296.86495,23.13793
296.96631,31.30503
297.42057,26.25588
298.09039,31.98329
298.49256,31.35564
298.50372,31.93189
298.65187,31.55733
299.24003,26.95372
299.65196,29.38741
300.60135,30.81267
300.97314,35.38062
301.34192,36.99521
303.41259,33.25196
320.89708,48.78828
329.67628,53.50094
356.01585,60.54511
268.18763,-29.84983
202.97613,-64.20947
72.57375,41.91478
294.14948,27.06914
35.18777,63.19303
88.17838,26.35447
278.20700,-0.94397
280.41846,-1.42158
281.44468,0.60878
282.22083,1.48117
283.28925,7.87806
283.34067,5.94497
284.98758,7.59569
286.32639,10.96403
287.47811,12.08201
287.82147,10.62617
288.78708,15.16431
289.08929,16.94414
289.36270,8.34361
289.84561,15.69367
289.92880,16.35778
290.03897,23.13794
290.95328,5.46664
291.47305,16.89206
292.26062,24.77967
293.88376,11.35436
294.22067,17.32797
294.41864,20.59662
296.38705,23.46958
296.70154,19.60308
297.05957,24.45750
297.48996,23.43350
297.86045,26.97749
304.97595,43.09989
308.44363,45.14447
316.91528,40.96453
321.53484,54.33761
325.13573,56.79767
279.53213,-31.88251
290.66182,24.55027
295.32979,24.51460
302.42583,24.12750
305.36029,30.09389
257.79208,-13.95944
264.68625,-12.95556
309.53829,61.91747
66.36192,35.10217
294.43237,-13.85556
33.11600,47.45281
280.42459,65.19944
290.41225,38.31589
300.61396,55.56139
295.33763,3.12164
299.21457,39.71944
312.51181,37.88769
7.73642,61.40953
294.57308,23.76353
324.02400,50.90258
318.77750,33.97167
105.02763,12.24481
195.92000,-45.62289
305.90601,68.12050
280.44238,-7.85820
261.65196,-23.44414
266.15979,-10.64361
266.74517,-18.93369
267.53744,-24.10434
292.78708,43.41611
257.55722,-32.98079
80.48763,39.51736
138.38763,-52.04491
271.92300,-17.85792
275.18481,-12.79800
275.62521,-11.27880
307.28179,23.18592
280.50500,8.77367
282.47876,17.95417
288.04304,16.77656
304.94233,15.23533
302.58938,18.19725
290.81265,27.12621
303.75729,20.42258
302.93491,24.83500
312.24321,32.30411
299.55450,39.91133
314.54558,33.14253
314.93124,34.90639
332.55683,50.07594
53.06250,21.66194
95.98092,38.25403
85.52796,4.71742
227.80492,-42.17317
270.46707,-1.43870
283.10421,8.14549
285.91983,9.77756
286.07463,8.82119
286.26319,3.70711
298.43221,20.44329
300.17321,28.50647
302.40558,24.48427
307.44192,35.82401
311.05913,36.12701
320.46608,47.55045
354.67171,61.69613
296.62850,-9.35550
318.58346,43.69333
313.45875,46.78039
322.46798,50.90601
283.69125,36.50344
282.14442,6.55075
181.86846,54.02478
269.07208,-18.71000
32.54354,65.42064
81.48596,7.80603
297.47375,18.67086
315.66129,44.77908
276.31363,0.03464
240.29229,-51.08992
267.67679,-20.99283
128.91954,-43.80850
253.38054,-40.47881
287.98428,15.42367
91.13333,20.95028
332.69025,56.38706
93.46275,19.61883
252.25667,-38.46194
265.82500,-45.47806
263.13917,-43.49472
263.16792,-40.74944
268.57225,-40.61717
262.09500,-25.79111
264.09692,-25.09131
264.61875,-19.54639
310.50792,13.85417
110.51313,27.22597
107.42292,-62.24000
124.17696,-72.99339
249.88167,-64.80278
289.31000,-30.47000
284.96750,-20.58000
245.06750,-48.25611
245.68421,-47.20278
247.40708,-47.27139
252.79333,-47.77833
250.08833,-45.02000
255.66458,-46.13361
254.76333,-44.71333
259.85792,-47.26333
255.98708,-44.83667
248.62625,-39.31694
244.65458,-17.40417
287.09871,2.55067
287.21817,12.04481
290.79804,12.47736
297.47529,31.89961
301.63254,9.43911
303.06571,25.37050
310.36792,47.10917
312.94542,50.77778
314.29208,48.57472
266.78546,11.00581
295.86908,-13.74983
20.42796,68.78697
284.23046,-1.06411
287.53792,-1.87472
208.70667,-52.08000
247.10258,-20.38564
18.66250,61.32889
218.64208,-56.30917
226.63654,-56.43472
228.04875,-55.74917
228.53000,-56.08500
231.64750,-55.32028
266.79500,-16.66428
269.46708,-18.24833
269.58396,-16.20606
274.94643,-12.95034
286.23900,7.73755
273.30064,-18.33536
273.97168,-15.76488
280.02800,-7.69994
280.56600,-5.01250
297.09700,26.82411
272.07375,-22.83494
88.10913,32.62356
299.31142,34.78639
250.09196,-49.54869
298.18925,32.42667
297.63983,30.25603
21.65000,18.85550
274.37888,-55.47817
265.72467,-34.15050
271.08167,0.13450
194.71083,-64.80956
266.70025,-34.22842
269.55083,-28.57692
271.98196,-26.68725
262.34613,-29.08358
263.45167,-26.77317
268.50512,-34.66631
269.27717,-31.05681
271.28200,-26.81056
63.58830,30.39190
103.21913,9.07297
309.03000,46.03117
168.11396,-59.97722
122.99308,-29.94483
329.39800,61.85804
224.29300,-58.06015
228.47500,-57.19756
139.24375,-51.59394
226.57750,-61.07278
255.26550,-38.51103
168.17875,-58.35111
255.32575,-36.87286
280.69479,-9.84667
121.81583,-35.44417
254.90379,-35.50587
269.83196,-17.78747
182.29267,-58.76684
238.40817,-57.03564
260.15163,-38.21383
331.53354,57.63969
312.69096,50.20194
255.20033,-37.87949
159.33600,-58.99529
155.61083,-58.78392
251.77333,-40.98317
273.96225,-20.39072
278.03254,-14.97858
281.36708,-5.51731
276.32125,-17.94122
241.89954,-53.01981
297.73804,33.79272
83.52788,39.93422
98.59438,7.37229
330.87771,61.49539
244.76400,-51.70231
229.43954,-61.94211
350.95788,45.28179
61.70667,59.72947
183.02129,-67.75880
246.75004,-45.82897
243.90129,-52.56769
132.72517,-40.79785
235.61354,-56.46783
131.32458,-38.30306
164.06438,-61.47389
174.04175,-57.68888
217.68479,-58.26070
218.09571,-58.20124
251.81417,-50.24944
268.03567,-28.39386
88.46192,24.04086
301.99408,38.03625
305.20958,29.83086
323.78271,52.19232
325.56468,44.46787
294.94983,20.56946
64.36583,42.60120
142.60417,-50.27517
158.61579,-59.47967
170.89917,-64.65708
192.65829,-63.91578
227.23500,-59.55444
269.66971,-30.16728
202.36008,-63.67690
287.36942,19.58727
293.45808,22.25154
296.54542,17.10253
289.35462,20.87533
273.47888,-14.28526
287.60008,13.53939
302.36529,25.99397
33.89425,60.18358
141.88108,-23.37622
272.01525,-24.84975
240.98125,-55.11694
145.52654,-53.00099
137.98900,-51.24028
296.96929,26.90649
250.84721,-42.65627
299.91600,31.23525
262.46250,-29.11750
263.68425,-28.17325
151.17458,-59.78083
218.76188,-49.41856
261.86171,-28.63864
268.94617,-29.11135
54.48233,43.73770
302.54133,46.72194
2.59029,48.78664
256.50796,-38.80995
263.05000,-38.28639
305.42225,50.30848
287.78275,3.54931
307.97625,51.90241
309.99792,-3.68806
182.99025,-69.80928
21.66671,-74.17100
306.37050,31.71886
240.38317,-61.99939
81.00517,24.56275
247.32917,-46.80811
317.13042,46.48047
305.30771,44.78728
199.46833,-65.22472
201.91767,-63.46831
225.69650,-60.67958
243.15042,-52.15528
352.63833,60.83758
113.75242,-48.91140
134.59842,-38.09013
125.52500,-42.89140
270.85053,-16.88945
212.00029,-60.05146
286.37104,19.28793
255.14213,-40.13934
281.72525,-8.02503
285.75013,10.44366
76.42183,-74.35342
